0    131.04    21.17
1    133.01    21.24
2    132.67    21.23
3    131.04    21.17
4    129.26    21.11
0    129.25    21.11
0    129.45    21.12
1    131.32    21.18
2    126.63    21.03
3    133.15    21.24
4    128.75    21.10
5    130.41    21.15
6    129.31    21.12
7    121.15    20.83
8    126.20    21.01
9    130.91    21.17
10    121.68    20.85
11    131.34    21.18
12    121.15    20.83
13    124.27    20.94
14    134.92    21.30
15    127.65    21.06
16    134.02    21.27
17    125.96    21.00
18    126.16    21.01
19    125.70    20.99
20    143.41    21.57
21    128.29    21.08
22    129.87    21.14
23    135.46    21.32
24    133.65    21.26
25    134.10    21.27
26    120.59    20.81
27    126.75    21.03
28    129.09    21.11
29    136.57    21.35
30    134.11    21.27
31    138.22    21.41
32    124.70    20.96
33    136.00    21.34
34    137.36    21.38
35    133.36    21.25
36    141.48    21.51
37    134.49    21.29
38    133.53    21.26
39    140.66    21.48
40    138.85    21.43
41    135.23    21.31
42    140.75    21.48
43    134.18    21.28
44    145.85    21.64
45    140.43    21.47
46    141.94    21.52
47    139.66    21.45
48    146.23    21.65
49    137.98    21.40
50    134.76    21.30
51    142.19    21.53
52    140.14    21.47
53    142.85    21.55
54    134.75    21.30
55    141.85    21.52
56    137.41    21.38
57    140.33    21.47
58    142.81    21.55
59    139.70    21.45
60    145.42    21.63
61    140.62    21.48
62    140.38    21.47
63    142.51    21.54
64    138.49    21.41
65    147.90    21.70
66    140.29    21.47
67    137.15    21.37
68    147.64    21.69
69    138.99    21.43
70    148.53    21.72
71    143.76    21.58
72    138.93    21.43
73    147.73    21.69
74    152.32    21.83
75    141.06    21.49
76    140.58    21.48
77    145.40    21.63
78    149.06    21.73
79    160.47    22.05
80    149.92    21.76
81    158.41    22.00
82    157.93    21.98
83    152.32    21.83
84    145.26    21.62
85    157.16    21.96
86    141.50    21.51
87    169.95    22.30
88    150.02    21.76
89    168.40    22.26
90    165.33    22.18
91    155.09    21.91
92    160.31    22.05
93    168.50    22.27
94    153.74    21.87
95    167.15    22.23
96    166.34    22.21
97    178.11    22.51
98    153.46    21.86
99    182.17    22.60
100    162.92    22.12
101    146.46    21.66
102    167.83    22.25
103    152.19    21.82
104    170.86    22.33
105    158.48    22.00
106    155.63    21.92
107    166.20    22.21
108    169.74    22.30
109    167.83    22.25
110    169.57    22.29
111    169.79    22.30
112    153.13    21.85
113    170.69    22.32
114    184.31    22.66
115    171.78    22.35
116    184.60    22.66
117    166.74    22.22
118    177.71    22.50
119    179.71    22.55
120    164.14    22.15
121    189.44    22.77
122    185.60    22.69
123    173.53    22.39
124    158.40    22.00
125    189.90    22.79
126    150.09    21.76
127    176.21    22.46
128    146.34    21.65
129    127.02    21.04
130    127.50    21.05
131    203.18    23.08
132    31.66    15.01
133    240.88    23.82
134    28.30    14.52
135    219.13    23.41
136    22.67    13.55
137    19.59    12.92
138    291.17    24.64
139    264.05    24.22
140    340.75    25.32
141    116.01    20.65
142    315.48    24.99
143    378.16    25.78
144    337.20    25.28
145    347.24    25.41
146    318.15    25.03
147    118.00    20.72
148    267.95    24.28
149    202.11    23.06
150    393.21    25.95
151    533.23    27.27
152    504.61    27.03
153    513.95    27.11
154    443.43    26.47
155    571.35    27.57
156    536.32    27.29
157    544.59    27.36
158    338.83    25.30
159    648.80    28.12
160    224.59    23.51
161    648.61    28.12
162    658.52    28.19
163    377.44    25.77
164    622.88    27.94
165    331.95    25.21
166    687.06    28.37
167    721.88    28.58
168    645.51    28.10
169    720.25    28.57
170    736.92    28.67
171    588.31    27.70
172    591.21    27.72
173    443.74    26.47
174    822.35    29.15
175    932.42    29.70
176    619.02    27.92
177    1012.85    30.06
178    888.77    29.49
179    843.44    29.26
180    1074.84    30.31
181    1113.79    30.47
182    1213.43    30.84
183    1252.69    30.98
184    1439.84    31.58
185    1447.17    31.61
186    1589.09    32.01
187    1619.19    32.09
188    1710.77    32.33
189    1822.74    32.61
190    1969.81    32.94
191    2088.24    33.20
192    3147.52    34.98
193    4182.13    36.21
194    5371.96    37.30
195    6677.60    38.25
196    8013.55    39.04
197    9641.34    39.84
198    11413.43    40.57
199    13464.35    41.29
200    15472.18    41.90
201    17725.93    42.49
202    20215.05    43.06
203    22817.84    43.58
204    27089.47    44.33
205    34952.05    45.43
206    44158.13    46.45
207    70227.16    48.47
208    65742.20    48.18
209    78592.34    48.95
210    93404.85    49.70
211    107966.73    50.33
212    125169.20    50.97
213    144661.12    51.60
214    167219.58    52.23
215    193712.42    52.87
216    221700.77    53.46
217    246415.56    53.92
218    277796.75    54.44
219    304871.28    54.84
220    335200.38    55.25
221    372327.69    55.71
222    409148.31    56.12
223    446599.59    56.50
224    476811.12    56.78
225    514489.41    57.11
226    552171.88    57.42
227    597784.00    57.77
228    638605.38    58.05
229    673768.31    58.29
230    728693.00    58.63
231    764004.62    58.83
232    818700.00    59.13
233    830031.81    59.19
234    875673.50    59.42
235    816174.62    59.12
236    835842.50    59.22
237    1030683.69    60.13
238    1118234.88    60.49
239    1171655.00    60.69
240    1231833.62    60.91
241    1292753.75    61.12
242    1350242.75    61.30
243    1426651.62    61.54
244    1477743.62    61.70
245    1489435.88    61.73
246    1598011.25    62.04
247    1671140.25    62.23
248    1745243.88    62.42
249    1826990.25    62.62
250    1880574.00    62.74
251    1965798.62    62.94
252    2031871.38    63.08
253    2104565.50    63.23
254    2182222.75    63.39
255    2254565.50    63.53
0    136.89    21.36
