0    53.57    17.29
1    48.35    16.84
2    52.15    17.17
3    55.41    17.44
4    56.65    17.53
5    51.00    17.08
6    52.21    17.18
7    52.60    17.21
8    57.56    17.60
9    51.36    17.11
10    51.82    17.14
11    49.96    16.99
12    55.06    17.41
13    59.55    17.75
14    47.87    16.80
15    50.41    17.03
16    57.79    17.62
17    57.92    17.63
18    56.00    17.48
19    55.37    17.43
20    57.91    17.63
21    57.84    17.62
22    52.67    17.22
23    53.45    17.28
24    56.15    17.49
25    56.89    17.55
26    50.92    17.07
27    53.96    17.32
28    56.26    17.50
29    55.23    17.42
30    57.72    17.61
31    55.43    17.44
32    59.58    17.75
33    54.03    17.33
34    57.48    17.59
35    52.33    17.19
36    52.80    17.23
37    54.30    17.35
38    55.27    17.42
39    50.91    17.07
40    54.25    17.34
41    57.48    17.60
42    59.56    17.75
43    56.50    17.52
44    50.48    17.03
45    54.77    17.39
46    51.99    17.16
47    52.13    17.17
48    53.54    17.29
49    52.42    17.19
50    59.15    17.72
51    51.70    17.13
52    52.69    17.22
53    56.81    17.54
54    58.20    17.65
55    55.22    17.42
56    52.75    17.22
57    57.96    17.63
58    56.67    17.53
59    53.00    17.24
60    55.73    17.46
61    57.25    17.58
62    53.96    17.32
63    55.89    17.47
64    56.46    17.52
65    57.08    17.56
66    54.72    17.38
67    59.55    17.75
68    53.48    17.28
69    53.72    17.30
70    55.19    17.42
71    57.62    17.61
72    56.88    17.55
73    52.56    17.21
74    58.57    17.68
75    59.21    17.72
76    54.69    17.38
77    56.72    17.54
78    55.32    17.43
79    57.04    17.56
80    59.57    17.75
81    62.01    17.92
82    61.74    17.91
83    54.22    17.34
84    54.77    17.39
85    61.20    17.87
86    60.49    17.82
87    61.56    17.89
88    59.56    17.75
89    56.55    17.52
90    59.69    17.76
91    59.46    17.74
92    69.42    18.41
93    63.12    18.00
94    55.25    17.42
95    57.50    17.60
96    60.43    17.81
97    59.07    17.71
98    63.18    18.01
99    61.54    17.89
100    67.41    18.29
101    65.85    18.19
102    65.16    18.14
103    69.12    18.40
104    66.97    18.26
105    70.68    18.49
106    70.70    18.49
107    64.37    18.09
108    76.91    18.86
109    76.38    18.83
110    71.85    18.56
111    80.90    19.08
112    73.53    18.66
113    82.38    19.16
114    77.04    18.87
115    81.31    19.10
116    82.37    19.16
117    87.05    19.40
118    82.90    19.19
119    80.81    19.07
120    86.87    19.39
121    86.49    19.37
122    94.92    19.77
123    94.36    19.75
124    100.93    20.04
125    101.82    20.08
126    110.39    20.43
127    104.24    20.18
128    109.27    20.39
129    119.18    20.76
130    129.28    21.12
131    135.39    21.32
132    136.98    21.37
133    156.21    21.94
134    162.41    22.11
135    179.43    22.54
136    184.00    22.65
137    179.16    22.53
138    195.84    22.92
139    217.23    23.37
140    232.74    23.67
141    234.51    23.70
142    236.43    23.74
143    255.83    24.08
144    271.52    24.34
145    267.49    24.27
146    293.84    24.68
147    294.55    24.69
148    309.99    24.91
149    331.03    25.20
150    318.86    25.04
151    340.09    25.32
152    346.20    25.39
153    357.84    25.54
154    575.63    27.60
155    359.22    25.55
156    834.64    29.21
157    643.39    28.08
158    558.20    27.47
159    488.79    26.89
160    614.20    27.88
161    514.44    27.11
162    416.86    26.20
163    423.30    26.27
164    449.72    26.53
165    441.08    26.45
166    452.78    26.56
167    470.14    26.72
168    500.18    26.99
169    536.97    27.30
170    556.71    27.46
171    587.06    27.69
172    650.87    28.13
173    747.81    28.74
174    792.45    28.99
175    890.36    29.50
176    1034.48    30.15
177    1200.73    30.79
178    1311.57    31.18
179    1481.02    31.71
180    1645.54    32.16
181    1723.37    32.36
182    1967.76    32.94
183    2025.28    33.06
184    2168.47    33.36
185    2442.69    33.88
186    2638.34    34.21
187    2972.63    34.73
188    3414.30    35.33
189    3976.05    35.99
190    4438.65    36.47
191    5276.78    37.22
192    6092.57    37.85
193    7040.05    38.48
194    8512.12    39.30
195    10034.77    40.02
196    11722.06    40.69
197    14114.09    41.50
198    16626.15    42.21
199    20006.81    43.01
200    23972.84    43.80
201    27782.04    44.44
202    32747.17    45.15
203    38089.01    45.81
204    43625.35    46.40
205    50188.93    47.01
206    57789.73    47.62
207    64666.95    48.11
208    73909.58    48.69
209    83563.22    49.22
210    93223.28    49.70
211    103431.02    50.15
212    115979.49    50.64
213    127630.58    51.06
214    142211.14    51.53
215    155514.88    51.92
216    171533.61    52.34
217    189564.16    52.78
218    205462.69    53.13
219    225746.38    53.54
220    245051.48    53.89
221    267591.75    54.27
222    290294.28    54.63
223    315262.94    54.99
224    343521.81    55.36
225    371599.38    55.70
226    401912.38    56.04
227    437416.41    56.41
228    463767.25    56.66
229    497950.00    56.97
230    536715.88    57.30
231    573576.00    57.59
232    617737.81    57.91
233    653802.56    58.15
234    698480.69    58.44
235    741727.12    58.70
236    765358.12    58.84
237    805222.69    59.06
238    841167.50    59.25
239    857416.56    59.33
240    879372.75    59.44
241    896037.75    59.52
242    908569.75    59.58
243    911736.81    59.60
244    924050.19    59.66
245    927070.94    59.67
246    932523.44    59.70
247    941223.25    59.74
248    941336.31    59.74
249    951719.75    59.79
250    945170.25    59.76
251    950414.31    59.78
252    947759.81    59.77
253    954183.00    59.80
254    961792.19    59.83
255    958540.19    59.82
