0    21.57    13.34
1    17.01    12.31
2    14.42    11.59
3    17.08    12.32
4    18.06    12.57
5    19.98    13.01
6    15.96    12.03
7    20.33    13.08
8    16.91    12.28
9    21.84    13.39
10    20.70    13.16
11    25.56    14.08
12    21.09    13.24
13    22.91    13.60
14    22.89    13.60
15    23.61    13.73
16    25.38    14.05
17    16.45    12.16
18    19.83    12.97
19    24.90    13.96
20    21.81    13.39
21    22.97    13.61
22    20.79    13.18
23    21.49    13.32
24    24.31    13.86
25    24.79    13.94
26    22.04    13.43
27    23.18    13.65
28    21.95    13.42
29    21.93    13.41
30    22.00    13.42
31    20.95    13.21
32    20.21    13.06
33    21.56    13.34
34    23.23    13.66
35    21.35    13.29
36    19.23    12.84
37    19.04    12.80
38    18.00    12.55
39    16.97    12.30
40    19.33    12.86
41    18.66    12.71
42    16.32    12.13
43    16.98    12.30
44    17.78    12.50
45    19.15    12.82
46    19.40    12.88
47    19.83    12.97
48    19.22    12.84
49    15.26    11.84
50    20.83    13.19
51    17.96    12.54
52    17.94    12.54
53    17.86    12.52
54    22.99    13.62
55    14.50    11.61
56    15.97    12.03
57    18.98    12.78
58    18.14    12.59
59    18.06    12.57
60    17.28    12.38
61    15.19    11.82
62    17.67    12.47
63    17.50    12.43
64    17.53    12.44
65    17.69    12.48
66    17.31    12.38
67    13.79    11.40
68    14.03    11.47
69    16.66    12.22
70    15.86    12.00
71    15.33    11.85
72    17.43    12.41
73    17.83    12.51
74    18.38    12.64
75    18.73    12.72
76    18.57    12.69
77    17.95    12.54
78    13.34    11.25
79    16.62    12.21
80    19.42    12.88
81    19.90    12.99
82    19.47    12.89
83    15.82    11.99
84    19.80    12.97
85    17.21    12.36
86    18.64    12.71
87    20.48    13.11
88    21.85    13.39
89    23.48    13.71
90    17.96    12.54
91    17.32    12.38
92    22.22    13.47
93    20.52    13.12
94    19.82    12.97
95    21.97    13.42
96    21.94    13.41
97    23.19    13.65
98    20.10    13.03
99    21.99    13.42
100    24.02    13.81
101    21.99    13.42
102    23.09    13.63
103    28.14    14.49
104    27.49    14.39
105    22.82    13.58
106    24.14    13.83
107    24.67    13.92
108    26.57    14.24
109    30.98    14.91
110    30.21    14.80
111    32.83    15.16
112    33.40    15.24
113    30.05    14.78
114    30.92    14.90
115    35.01    15.44
116    38.42    15.85
117    36.21    15.59
118    38.51    15.86
119    40.01    16.02
120    40.40    16.06
121    45.29    16.56
122    48.24    16.83
123    47.78    16.79
124    49.93    16.98
125    57.69    17.61
126    55.38    17.43
127    59.85    17.77
128    70.52    18.48
129    78.13    18.93
130    79.84    19.02
131    95.21    19.79
132    119.17    20.76
133    133.13    21.24
134    158.32    22.00
135    181.61    22.59
136    205.95    23.14
137    233.40    23.68
138    265.21    24.24
139    302.04    24.80
140    338.01    25.29
141    359.35    25.56
142    388.88    25.90
143    434.43    26.38
144    454.82    26.58
145    477.68    26.79
146    534.91    27.28
147    583.83    27.66
148    615.47    27.89
149    639.86    28.06
150    676.54    28.30
151    723.78    28.60
152    757.76    28.80
153    783.44    28.94
154    826.74    29.17
155    834.32    29.21
156    883.53    29.46
157    907.05    29.58
158    928.11    29.68
159    989.10    29.95
160    1006.42    30.03
161    1035.91    30.15
162    1029.45    30.13
163    1032.14    30.14
164    1080.14    30.33
165    1115.91    30.48
166    1129.62    30.53
167    1106.79    30.44
168    1120.28    30.49
169    1182.40    30.73
170    1160.43    30.65
171    1177.01    30.71
172    1229.53    30.90
173    1235.53    30.92
174    1214.17    30.84
175    1217.94    30.86
176    1246.27    30.96
177    1275.74    31.06
178    1359.58    31.33
179    1453.61    31.62
180    1543.21    31.88
181    1737.66    32.40
182    1899.11    32.79
183    2203.56    33.43
184    2533.04    34.04
185    2853.74    34.55
186    3461.35    35.39
187    4077.78    36.10
188    4889.89    36.89
189    5515.93    37.42
190    6218.21    37.94
191    6875.30    38.37
192    7701.76    38.87
193    8905.66    39.50
194    10278.49    40.12
195    12234.05    40.88
196    14726.95    41.68
197    17447.09    42.42
198    20557.10    43.13
199    24619.27    43.91
200    29135.18    44.64
201    34211.12    45.34
202    40333.22    46.06
203    46970.35    46.72
204    54655.97    47.38
205    62854.40    47.98
206    72909.31    48.63
207    82927.65    49.19
208    95026.48    49.78
209    107086.91    50.30
210    120704.28    50.82
211    133390.58    51.25
212    148602.53    51.72
213    167329.25    52.24
214    184486.27    52.66
215    203039.03    53.08
216    225443.58    53.53
217    247603.36    53.94
218    272606.91    54.36
219    295780.94    54.71
220    324749.97    55.12
221    353273.16    55.48
222    384717.53    55.85
223    418270.97    56.21
224    456189.84    56.59
225    497904.81    56.97
226    533945.38    57.27
227    572798.00    57.58
228    617079.44    57.90
229    668305.75    58.25
230    712968.12    58.53
231    753424.81    58.77
232    808802.06    59.08
233    860262.94    59.35
234    908491.88    59.58
235    955431.50    59.80
236    990710.50    59.96
237    1024301.44    60.10
238    1055606.62    60.24
239    1071547.50    60.30
240    1089029.12    60.37
241    1097535.62    60.40
242    1112688.12    60.46
243    1123048.00    60.50
244    1140587.38    60.57
245    1148946.12    60.60
246    1151678.00    60.61
247    1157646.38    60.64
248    1156128.75    60.63
249    1161862.62    60.65
250    1173030.62    60.69
251    1173528.62    60.69
252    1178049.12    60.71
253    1190494.50    60.76
254    1191248.88    60.76
255    1172170.00    60.69
