0    57.26    17.58
1    58.08    17.64
2    55.67    17.46
3    58.28    17.66
4    60.53    17.82
5    65.29    18.15
6    57.04    17.56
7    61.43    17.88
8    58.53    17.67
9    53.29    17.27
10    61.54    17.89
11    55.39    17.43
12    64.68    18.11
13    57.07    17.56
14    56.44    17.52
15    56.65    17.53
16    58.21    17.65
17    53.16    17.26
18    61.81    17.91
19    68.39    18.35
20    59.05    17.71
21    61.12    17.86
22    61.40    17.88
23    62.47    17.96
24    54.17    17.34
25    60.48    17.82
26    57.04    17.56
27    63.17    18.01
28    53.56    17.29
29    59.49    17.74
30    53.72    17.30
31    57.66    17.61
32    60.40    17.81
33    57.80    17.62
34    56.88    17.55
35    56.77    17.54
36    58.75    17.69
37    58.21    17.65
38    62.54    17.96
39    62.37    17.95
40    60.11    17.79
41    66.94    18.26
42    59.19    17.72
43    59.70    17.76
44    59.10    17.72
45    57.50    17.60
46    65.66    18.17
47    66.73    18.24
48    69.35    18.41
49    69.90    18.44
50    66.57    18.23
51    63.01    17.99
52    58.61    17.68
53    61.59    17.90
54    70.45    18.48
55    65.06    18.13
56    69.28    18.41
57    77.52    18.89
58    71.07    18.52
59    73.31    18.65
60    79.04    18.98
61    69.44    18.42
62    68.31    18.34
63    75.16    18.76
64    75.63    18.79
65    76.90    18.86
66    80.89    19.08
67    83.61    19.22
68    81.28    19.10
69    85.08    19.30
70    86.83    19.39
71    90.28    19.56
72    94.01    19.73
73    87.08    19.40
74    92.85    19.68
75    105.95    20.25
76    101.11    20.05
77    106.22    20.26
78    111.98    20.49
79    111.56    20.48
80    115.10    20.61
81    119.50    20.77
82    128.32    21.08
83    130.09    21.14
84    124.00    20.93
85    131.59    21.19
86    136.15    21.34
87    142.74    21.55
88    145.01    21.61
89    154.54    21.89
90    164.08    22.15
91    173.99    22.41
92    178.88    22.53
93    173.14    22.38
94    186.75    22.71
95    213.38    23.29
96    203.54    23.09
97    210.34    23.23
98    222.47    23.47
99    227.08    23.56
100    248.81    23.96
101    248.67    23.96
102    266.58    24.26
103    266.48    24.26
104    283.74    24.53
105    305.28    24.85
106    307.22    24.87
107    320.43    25.06
108    328.82    25.17
109    330.73    25.19
110    352.62    25.47
111    368.21    25.66
112    370.03    25.68
113    387.10    25.88
114    404.30    26.07
115    415.51    26.19
116    410.38    26.13
117    447.71    26.51
118    444.64    26.48
119    479.76    26.81
120    487.02    26.88
121    489.36    26.90
122    522.37    27.18
123    514.81    27.12
124    538.81    27.31
125    547.92    27.39
126    559.69    27.48
127    564.60    27.52
128    615.00    27.89
129    643.67    28.09
130    655.84    28.17
131    693.16    28.41
132    713.72    28.54
133    764.58    28.83
134    786.85    28.96
135    836.04    29.22
136    831.21    29.20
137    859.14    29.34
138    891.17    29.50
139    915.98    29.62
140    941.57    29.74
141    955.81    29.80
142    976.38    29.90
143    1008.17    30.04
144    1017.13    30.07
145    1031.83    30.14
146    1053.07    30.22
147    1058.59    30.25
148    1077.17    30.32
149    1080.66    30.34
150    1121.77    30.50
151    1124.11    30.51
152    1143.76    30.58
153    1154.25    30.62
154    1174.24    30.70
155    1191.10    30.76
156    1207.59    30.82
157    1231.78    30.91
158    1282.27    31.08
159    1304.52    31.15
160    1389.90    31.43
161    1447.56    31.61
162    1550.66    31.91
163    1641.90    32.15
164    1787.16    32.52
165    2005.18    33.02
166    2172.80    33.37
167    2399.69    33.80
168    2718.82    34.34
169    2911.69    34.64
170    3395.78    35.31
171    3759.86    35.75
172    4255.77    36.29
173    4710.00    36.73
174    5249.47    37.20
175    5761.56    37.61
176    6350.90    38.03
177    7077.92    38.50
178    7792.05    38.92
179    8727.89    39.41
180    9881.80    39.95
181    11536.95    40.62
182    13214.76    41.21
183    15595.02    41.93
184    17883.21    42.52
185    20808.12    43.18
186    24745.70    43.93
187    28867.99    44.60
188    33777.76    45.29
189    38692.66    45.88
190    45461.15    46.58
191    52911.10    47.24
192    60716.20    47.83
193    69699.02    48.43
194    79636.95    49.01
195    91850.74    49.63
196    102224.06    50.10
197    116432.90    50.66
198    129780.98    51.13
199    145524.42    51.63
200    161448.48    52.08
201    179225.94    52.53
202    195831.52    52.92
203    217260.59    53.37
204    239500.03    53.79
205    263354.75    54.21
206    283282.62    54.52
207    305380.78    54.85
208    336628.62    55.27
209    367090.28    55.65
210    399165.59    56.01
211    429344.62    56.33
212    461119.66    56.64
213    500006.12    56.99
214    542865.06    57.35
215    586378.19    57.68
216    615738.25    57.89
217    665866.00    58.23
218    724060.81    58.60
219    770701.88    58.87
220    824519.81    59.16
221    880710.25    59.45
222    948201.81    59.77
223    998802.00    59.99
224    1061936.25    60.26
225    1124418.25    60.51
226    1208509.12    60.82
227    1268883.62    61.03
228    1321701.38    61.21
229    1402436.62    61.47
230    1460299.12    61.64
231    1527162.38    61.84
232    1564549.00    61.94
233    1623348.12    62.10
234    1639083.38    62.15
235    1693791.12    62.29
236    1735346.88    62.39
237    1756731.50    62.45
238    1743591.88    62.41
239    1762466.88    62.46
240    1794894.62    62.54
241    1781873.62    62.51
242    1814319.75    62.59
243    1814460.00    62.59
244    1818588.12    62.60
245    1825519.25    62.61
246    1850192.88    62.67
247    1857326.62    62.69
248    1834786.50    62.64
249    1830151.88    62.62
250    1865713.12    62.71
251    1856570.12    62.69
252    1869019.75    62.72
253    1844026.38    62.66
254    1849122.75    62.67
255    1868936.62    62.72
