0    2.30    3.61
1    1.32    1.21
2    1.64    2.14
3    1.23    0.90
4    3.11    4.93
5    2.02    3.05
6    2.52    4.01
7    2.20    3.43
8    1.89    2.76
9    1.77    2.48
10    1.50    1.77
11    1.58    1.98
12    1.99    2.98
13    1.74    2.41
14    1.86    2.70
15    1.73    2.38
16    2.29    3.60
17    1.99    2.98
18    1.98    2.97
19    2.30    3.62
20    1.86    2.70
21    1.48    1.71
22    2.03    3.07
23    2.27    3.55
24    1.98    2.97
25    1.84    2.65
26    1.79    2.54
27    1.96    2.91
28    1.42    1.52
29    2.71    4.33
30    1.95    2.91
31    1.99    3.00
32    1.88    2.73
33    1.71    2.32
34    2.14    3.30
35    2.28    3.59
36    1.51    1.79
37    2.37    3.74
38    1.90    2.79
39    2.72    4.35
40    1.62    2.09
41    1.51    1.78
42    1.97    2.95
43    2.52    4.01
44    2.40    3.80
45    2.10    3.22
46    1.89    2.76
47    2.53    4.03
48    2.06    3.14
49    2.17    3.37
50    1.87    2.71
51    1.68    2.24
52    2.31    3.64
53    2.85    4.54
54    1.87    2.71
55    1.82    2.60
56    2.07    3.17
57    1.69    2.28
58    2.31    3.63
59    1.92    2.83
60    2.19    3.41
61    1.83    2.62
62    2.13    3.28
63    2.05    3.12
64    2.87    4.57
65    2.30    3.61
66    2.26    3.54
67    2.61    4.16
68    2.47    3.92
69    2.91    4.65
70    2.92    4.65
71    2.73    4.36
72    3.98    6.00
73    2.18    3.39
74    3.74    5.73
75    2.16    3.34
76    2.45    3.90
77    2.37    3.74
78    2.53    4.04
79    2.64    4.21
80    3.32    5.21
81    3.04    4.83
82    4.01    6.03
83    2.39    3.78
84    2.54    4.05
85    3.45    5.38
86    3.51    5.46
87    3.21    5.07
88    2.82    4.50
89    4.19    6.22
90    4.01    6.04
91    4.01    6.03
92    3.64    5.61
93    3.79    5.78
94    4.89    6.89
95    4.43    6.46
96    4.88    6.88
97    5.40    7.32
98    4.75    6.76
99    5.85    7.67
100    4.82    6.83
101    5.23    7.18
102    5.25    7.20
103    6.06    7.83
104    6.91    8.40
105    9.58    9.82
106    8.27    9.17
107    8.90    9.50
108    9.12    9.60
109    9.64    9.84
110    9.97    9.98
111    11.57    10.63
112    11.23    10.50
113    10.68    10.28
114    9.71    9.87
115    13.70    11.37
116    14.01    11.47
117    10.39    10.17
118    14.80    11.70
119    15.18    11.81
120    15.52    11.91
121    17.32    12.38
122    18.11    12.58
123    18.51    12.67
124    17.07    12.32
125    19.84    12.98
126    26.15    14.17
127    24.52    13.90
128    25.13    14.00
129    31.87    15.03
130    32.50    15.12
131    36.28    15.60
132    38.93    15.90
133    49.00    16.90
134    51.99    17.16
135    58.76    17.69
136    64.25    18.08
137    74.14    18.70
138    83.25    19.20
139    91.21    19.60
140    107.98    20.33
141    107.71    20.32
142    131.78    21.20
143    143.17    21.56
144    161.55    22.08
145    186.39    22.70
146    207.55    23.17
147    213.54    23.29
148    246.90    23.93
149    276.47    24.42
150    313.35    24.96
151    348.33    25.42
152    361.34    25.58
153    386.28    25.87
154    438.15    26.42
155    486.13    26.87
156    539.06    27.32
157    545.56    27.37
158    600.90    27.79
159    637.22    28.04
160    667.94    28.25
161    716.89    28.55
162    726.65    28.61
163    777.93    28.91
164    789.22    28.97
165    818.23    29.13
166    866.79    29.38
167    885.47    29.47
168    907.72    29.58
169    933.29    29.70
170    966.47    29.85
171    987.30    29.94
172    983.61    29.93
173    1021.83    30.09
174    1032.65    30.14
175    1063.23    30.27
176    1125.59    30.51
177    1130.74    30.53
178    913.19    29.61
179    1016.66    30.07
180    986.47    29.94
181    1133.16    30.54
182    1089.22    30.37
183    1177.17    30.71
184    1241.10    30.94
185    1422.67    31.53
186    1594.00    32.02
187    1933.01    32.86
188    2306.19    33.63
189    2840.81    34.53
190    3484.69    35.42
191    4142.92    36.17
192    4727.92    36.75
193    5599.72    37.48
194    6423.45    38.08
195    7292.60    38.63
196    8300.07    39.19
197    9343.50    39.71
198    10732.97    40.31
199    11914.52    40.76
200    13452.68    41.29
201    15390.47    41.87
202    17061.33    42.32
203    18465.45    42.66
204    20622.46    43.14
205    22697.84    43.56
206    25164.32    44.01
207    27374.60    44.37
208    30396.49    44.83
209    32860.80    45.17
210    35213.54    45.47
211    39460.28    45.96
212    42083.38    46.24
213    45459.67    46.58
214    49198.02    46.92
215    54036.27    47.33
216    56449.49    47.52
217    61437.44    47.88
218    66659.11    48.24
219    72854.58    48.62
220    75220.83    48.76
221    80924.29    49.08
222    87962.94    49.44
223    94001.52    49.73
224    101694.31    50.07
225    107850.69    50.33
226    114101.19    50.57
227    121759.12    50.86
228    128670.96    51.09
229    138471.62    51.41
230    144294.91    51.59
231    151409.89    51.80
232    158206.44    51.99
233    167928.84    52.25
234    174399.86    52.42
235    181140.97    52.58
236    187150.62    52.72
237    189845.17    52.78
238    194123.25    52.88
239    198583.39    52.98
240    201124.27    53.03
241    199834.95    53.01
242    202302.97    53.06
243    206062.08    53.14
244    207321.78    53.17
245    204581.78    53.11
246    207918.61    53.18
247    208243.45    53.19
248    205539.69    53.13
249    210211.31    53.23
250    206573.67    53.15
251    204444.64    53.11
252    208363.08    53.19
253    208250.09    53.19
254    208582.31    53.19
255    208710.09    53.20
