0    69.78    18.44
1    60.38    17.81
2    62.30    17.95
3    69.33    18.41
4    69.42    18.41
5    68.55    18.36
6    65.66    18.17
7    60.21    17.80
8    58.74    17.69
9    64.43    18.09
10    66.22    18.21
11    65.29    18.15
12    62.67    17.97
13    63.40    18.02
14    63.65    18.04
15    63.34    18.02
16    65.23    18.14
17    62.70    17.97
18    67.94    18.32
19    60.74    17.83
20    55.60    17.45
21    64.79    18.11
22    64.86    18.12
23    70.88    18.51
24    62.12    17.93
25    72.26    18.59
26    62.30    17.95
27    68.48    18.36
28    59.79    17.77
29    56.89    17.55
30    66.65    18.24
31    66.03    18.20
32    71.27    18.53
33    65.11    18.14
34    65.61    18.17
35    64.18    18.07
36    66.24    18.21
37    67.96    18.32
38    65.62    18.17
39    60.09    17.79
40    69.97    18.45
41    67.02    18.26
42    63.57    18.03
43    65.15    18.14
44    63.82    18.05
45    63.36    18.02
46    69.96    18.45
47    60.81    17.84
48    69.16    18.40
49    62.25    17.94
50    67.72    18.31
51    67.13    18.27
52    60.00    17.78
53    70.44    18.48
54    66.99    18.26
55    68.02    18.33
56    66.84    18.25
57    68.73    18.37
58    64.32    18.08
59    67.01    18.26
60    68.72    18.37
61    67.63    18.30
62    66.77    18.25
63    61.69    17.90
64    67.56    18.30
65    60.27    17.80
66    66.06    18.20
67    61.13    17.86
68    72.27    18.59
69    67.55    18.30
70    64.40    18.09
71    66.93    18.26
72    65.13    18.14
73    66.94    18.26
74    60.85    17.84
75    65.79    18.18
76    72.84    18.62
77    65.91    18.19
78    64.00    18.06
79    68.28    18.34
80    63.03    18.00
81    72.67    18.61
82    65.00    18.13
83    66.66    18.24
84    62.75    17.98
85    67.97    18.32
86    67.31    18.28
87    67.67    18.30
88    66.23    18.21
89    71.92    18.57
90    71.05    18.52
91    64.42    18.09
92    69.75    18.44
93    72.41    18.60
94    74.50    18.72
95    71.72    18.56
96    72.05    18.58
97    78.46    18.95
98    67.58    18.30
99    72.18    18.58
100    78.38    18.94
101    73.09    18.64
102    71.31    18.53
103    77.64    18.90
104    78.17    18.93
105    84.95    19.29
106    83.81    19.23
107    76.80    18.85
108    80.84    19.08
109    81.34    19.10
110    92.89    19.68
111    90.85    19.58
112    84.39    19.26
113    83.39    19.21
114    97.91    19.91
115    93.28    19.70
116    93.79    19.72
117    106.48    20.27
118    104.00    20.17
119    99.80    19.99
120    104.05    20.17
121    106.76    20.28
122    104.67    20.20
123    113.14    20.54
124    113.28    20.54
125    115.90    20.64
126    116.09    20.65
127    124.34    20.95
128    123.10    20.90
129    145.28    21.62
130    150.41    21.77
131    154.71    21.90
132    175.10    22.43
133    185.92    22.69
134    183.19    22.63
135    192.79    22.85
136    213.94    23.30
137    235.44    23.72
138    231.57    23.65
139    256.66    24.09
140    250.24    23.98
141    269.37    24.30
142    293.93    24.68
143    306.77    24.87
144    319.91    25.05
145    322.99    25.09
146    347.73    25.41
147    367.09    25.65
148    365.70    25.63
149    403.40    26.06
150    407.69    26.10
151    429.79    26.33
152    468.12    26.70
153    482.29    26.83
154    520.97    27.17
155    549.29    27.40
156    576.45    27.61
157    610.28    27.86
158    631.71    28.01
159    677.07    28.31
160    713.90    28.54
161    750.46    28.75
162    791.03    28.98
163    814.09    29.11
164    884.73    29.47
165    884.68    29.47
166    936.73    29.72
167    971.57    29.87
168    991.84    29.96
169    1033.78    30.14
170    1018.98    30.08
171    1086.62    30.36
172    1102.27    30.42
173    1127.72    30.52
174    1145.73    30.59
175    1193.07    30.77
176    1271.64    31.04
177    1328.68    31.23
178    1398.32    31.46
179    1513.00    31.80
180    1652.38    32.18
181    1808.30    32.57
182    1986.32    32.98
183    2244.72    33.51
184    2531.70    34.03
185    2895.14    34.62
186    3370.23    35.28
187    3891.84    35.90
188    4454.48    36.49
189    5121.14    37.09
190    5729.27    37.58
191    6653.79    38.23
192    7495.24    38.75
193    8603.42    39.35
194    9900.10    39.96
195    11971.15    40.78
196    13936.63    41.44
197    16668.45    42.22
198    19472.70    42.89
199    22872.76    43.59
200    26949.41    44.31
201    31551.49    44.99
202    36238.39    45.59
203    41795.68    46.21
204    48786.12    46.88
205    55508.30    47.44
206    63286.46    48.01
207    72277.96    48.59
208    81982.88    49.14
209    91124.27    49.60
210    101954.09    50.08
211    112800.41    50.52
212    126103.30    51.01
213    138769.81    51.42
214    153650.61    51.87
215    169778.81    52.30
216    185859.22    52.69
217    203631.95    53.09
218    221787.69    53.46
219    248981.50    53.96
220    263884.94    54.21
221    287816.62    54.59
222    308645.25    54.89
223    335630.53    55.26
224    361692.69    55.58
225    390744.16    55.92
226    422979.25    56.26
227    454382.16    56.57
228    491032.50    56.91
229    525617.00    57.21
230    557058.75    57.46
231    596323.50    57.75
232    629641.38    57.99
233    675069.81    58.29
234    710778.31    58.52
235    743630.75    58.71
236    766177.31    58.84
237    802726.31    59.05
238    827226.75    59.18
239    851799.31    59.30
240    865784.69    59.37
241    886572.81    59.48
242    897539.38    59.53
243    907635.12    59.58
244    907759.06    59.58
245    917404.62    59.63
246    922543.31    59.65
247    924968.38    59.66
248    924768.56    59.66
249    928845.56    59.68
250    929107.56    59.68
251    936775.00    59.72
252    936571.19    59.72
253    935258.06    59.71
254    933078.62    59.70
255    937944.88    59.72
