0    232.98    23.67
1    222.56    23.47
2    212.97    23.28
3    437.63    26.41
4    424.56    26.28
5    440.55    26.44
6    766.67    28.85
7    752.70    28.77
8    760.91    28.81
9    1023.74    30.10
10    1000.65    30.00
11    1004.87    30.02
12    1015.54    30.07
13    1268.54    31.03
14    1288.72    31.10
15    1237.05    30.92
16    2910.09    34.64
17    2961.08    34.71
18    3000.22    34.77
19    6680.35    38.25
20    15513.65    41.91
21    15465.42    41.89
22    34623.11    45.39
23    34913.70    45.43
24    35039.51    45.45
25    76345.71    48.83
26    76905.63    48.86
27    75980.23    48.81
28    175193.91    52.44
29    173566.28    52.39
30    173893.75    52.40
31    173518.56    52.39
32    391250.81    55.92
33    394072.78    55.96
34    388131.69    55.89
35    922649.38    59.65
36    924663.12    59.66
37    924628.50    59.66
38    918017.50    59.63
39    2089596.12    63.20
40    2104345.00    63.23
41    2108256.50    63.24
42    5128258.00    67.10
43    5097023.50    67.07
44    5079773.50    67.06
45    5052039.50    67.03
46    5016322.50    67.00
