0    121.20    20.84
1    132.39    21.22
2    135.07    21.31
3    136.86    21.36
4    119.19    20.76
5    125.51    20.99
6    133.96    21.27
7    127.29    21.05
8    128.69    21.10
9    136.66    21.36
10    128.17    21.08
11    132.57    21.22
12    128.87    21.10
13    129.15    21.11
14    129.16    21.11
15    124.44    20.95
16    135.71    21.33
17    129.73    21.13
18    126.72    21.03
19    136.72    21.36
20    139.38    21.44
21    133.03    21.24
22    127.24    21.05
23    126.98    21.04
24    138.05    21.40
25    127.05    21.04
26    133.24    21.25
27    138.18    21.40
28    131.74    21.20
29    131.63    21.19
30    130.72    21.16
31    134.21    21.28
32    147.26    21.68
33    137.28    21.38
34    136.77    21.36
35    134.17    21.28
36    139.71    21.45
37    131.27    21.18
38    141.03    21.49
39    133.65    21.26
40    137.54    21.38
41    145.83    21.64
42    138.84    21.43
43    144.61    21.60
44    133.38    21.25
45    140.51    21.48
46    145.37    21.62
47    138.94    21.43
48    139.87    21.46
49    144.99    21.61
50    141.50    21.51
51    138.06    21.40
52    140.80    21.49
53    136.02    21.34
54    135.85    21.33
55    131.46    21.19
56    139.64    21.45
57    137.47    21.38
58    135.74    21.33
59    142.76    21.55
60    134.77    21.30
61    134.83    21.30
62    140.90    21.49
63    138.97    21.43
64    144.42    21.60
65    141.94    21.52
66    146.97    21.67
67    133.59    21.26
68    134.32    21.28
69    134.12    21.27
70    146.39    21.66
71    143.83    21.58
72    141.86    21.52
73    143.78    21.58
74    143.69    21.57
75    153.30    21.86
76    150.30    21.77
77    147.82    21.70
78    141.20    21.50
79    150.40    21.77
80    142.48    21.54
81    141.99    21.52
82    146.77    21.67
83    149.65    21.75
84    137.35    21.38
85    151.60    21.81
86    140.50    21.48
87    141.10    21.50
88    145.19    21.62
89    145.21    21.62
90    151.12    21.79
91    148.94    21.73
92    142.51    21.54
93    146.03    21.64
94    149.15    21.74
95    143.17    21.56
96    151.95    21.82
97    140.28    21.47
98    156.51    21.95
99    151.95    21.82
100    146.02    21.64
101    148.23    21.71
102    152.22    21.82
103    149.43    21.74
104    146.96    21.67
105    151.55    21.81
106    146.76    21.67
107    151.25    21.80
108    141.94    21.52
109    152.56    21.83
110    148.99    21.73
111    155.65    21.92
112    143.72    21.58
113    154.02    21.88
114    142.74    21.55
115    152.60    21.84
116    148.56    21.72
117    157.15    21.96
118    149.89    21.76
119    147.71    21.69
120    151.98    21.82
121    154.37    21.89
122    151.27    21.80
123    148.25    21.71
124    152.77    21.84
125    159.36    22.02
126    160.90    22.07
127    151.48    21.80
128    117.59    20.70
129    85.06    19.30
130    79.54    19.01
131    169.21    22.28
132    32.24    15.08
133    219.12    23.41
134    22.42    13.51
135    257.82    24.11
136    83.65    19.22
137    51.93    17.15
138    277.54    24.43
139    233.08    23.68
140    338.90    25.30
141    133.97    21.27
142    347.04    25.40
143    399.43    26.01
144    313.25    24.96
145    347.38    25.41
146    271.93    24.34
147    76.21    18.82
148    220.69    23.44
149    159.98    22.04
150    397.85    26.00
151    547.63    27.38
152    543.01    27.35
153    572.70    27.58
154    485.79    26.86
155    559.16    27.48
156    607.65    27.84
157    553.32    27.43
158    310.83    24.93
159    718.07    28.56
160    186.75    22.71
161    703.84    28.47
162    751.67    28.76
163    377.36    25.77
164    679.31    28.32
165    322.28    25.08
166    773.07    28.88
167    836.06    29.22
168    744.17    28.72
169    813.31    29.10
170    846.37    29.28
171    728.78    28.63
172    708.87    28.51
173    731.31    28.64
174    964.53    29.84
175    1067.34    30.28
176    1038.40    30.16
177    1199.50    30.79
178    1278.71    31.07
179    1468.30    31.67
180    1459.41    31.64
181    1636.55    32.14
182    1816.45    32.59
183    1938.02    32.87
184    2418.83    33.84
185    2392.14    33.79
186    2745.31    34.39
187    2954.27    34.70
188    3184.92    35.03
189    3526.82    35.47
190    3740.79    35.73
191    4030.39    36.05
192    5262.58    37.21
193    6827.05    38.34
194    8201.65    39.14
195    10090.81    40.04
196    12147.45    40.84
197    14638.74    41.66
198    16858.18    42.27
199    19499.35    42.90
200    22432.49    43.51
201    25423.77    44.05
202    28625.95    44.57
203    32162.83    45.07
204    36616.80    45.64
205    45529.70    46.58
206    55709.43    47.46
207    86601.99    49.38
208    80365.87    49.05
209    92441.63    49.66
210    107622.79    50.32
211    122247.55    50.87
212    138441.78    51.41
213    157387.36    51.97
214    177372.27    52.49
215    202285.89    53.06
216    227479.34    53.57
217    253335.05    54.04
218    279776.69    54.47
219    305728.19    54.85
220    336358.12    55.27
221    368175.28    55.66
222    398155.03    56.00
223    432295.25    56.36
224    453777.91    56.57
225    472672.66    56.75
226    548565.75    57.39
227    579433.94    57.63
228    625404.75    57.96
229    663974.19    58.22
230    717671.94    58.56
231    752882.50    58.77
232    801368.19    59.04
233    832464.69    59.20
234    844362.06    59.27
235    812363.12    59.10
236    866293.06    59.38
237    1066792.62    60.28
238    1143557.75    60.58
239    1213628.75    60.84
240    1279158.75    61.07
241    1356112.25    61.32
242    1408717.00    61.49
243    1464316.50    61.66
244    1525904.12    61.84
245    1549899.75    61.90
246    1659500.88    62.20
247    1747087.38    62.42
248    1797783.75    62.55
249    1879155.62    62.74
250    1942909.00    62.88
251    2058025.38    63.13
252    2138404.00    63.30
253    2199238.00    63.42
254    2264912.00    63.55
255    2356157.25    63.72
